
Function: $f(x) = e^x$
ERR for each block
block 		 errmax
0.00,0.10	4.902284E-04
0.10,0.20	1.316704E-04
0.20,0.30	3.481453E-05
0.30,0.40	9.393283E-06
0.40,0.50	1.143939E-06
0.50,0.60	5.995910E-06
0.60,0.70	2.595128E-05
0.70,0.80	9.520100E-05
0.80,0.90	3.577783E-04
0.90,1.00	1.332679E-03

Function: $f(x) = \cos(2 \pi x)$
ERR for each block
block 		 errmax
0.00,0.10	2.040036E-02
0.10,0.20	5.153869E-03
0.20,0.30	1.412365E-03
0.30,0.40	6.402760E-04
0.40,0.50	3.553585E-04
0.50,0.60	3.553585E-04
0.60,0.70	6.402760E-04
0.70,0.80	1.412365E-03
0.80,0.90	5.153869E-03
0.90,1.00	2.040036E-02

Function: $f(x) = \cos(20 \pi x)$
ERR for each block
block 		 errmax
0.00,0.10	1.999497E+00
0.10,0.20	1.999497E+00
0.20,0.30	1.999497E+00
0.30,0.40	1.999497E+00
0.40,0.50	1.999497E+00
0.50,0.60	1.999497E+00
0.60,0.70	1.999497E+00
0.70,0.80	1.999497E+00
0.80,0.90	1.999497E+00
0.90,1.00	1.999497E+00

Function: $f(x) = \sqrt{x}$
ERR for each block
block 		 errmax
0.00,0.10	6.902607E-02
0.10,0.20	1.091226E-02
0.20,0.30	2.914354E-03
0.30,0.40	7.891698E-04
0.40,0.50	2.073261E-04
0.50,0.60	5.722498E-05
0.60,0.70	1.261649E-05
0.70,0.80	5.560170E-06
0.80,0.90	3.232310E-05
0.90,1.00	1.217827E-04
